Leveraging Technology for  Better Deployment,4,5,5,5,
Leveraging Technology for  Better Deployment,4,5,5,5,
Leveraging Technology for  Better Deployment,5,5,5,5,
Leveraging Technology for  Better Deployment,4,5,5,5,
Leveraging Technology for  Better Deployment,3,3,3,3,
Leveraging Technology for  Better Deployment,5,5,5,5,
Leveraging Technology for  Better Deployment,4,5,5,4,
Leveraging Technology for  Better Deployment,5,5,5,5,
Leveraging Technology for  Better Deployment,5,5,5,5,
Leveraging Technology for  Better Deployment,3,5,5,5,
Leveraging Technology for  Better Deployment,5,5,5,5,
Leveraging Technology for  Better Deployment,5,5,5,5,
Leveraging Technology for  Better Deployment,5,5,5,5,Great presentation! Meets the needs for deployment collaboration.  Very excited about using this feature.
